3,2
3,1
3,3
10,270
10,208
10,30
10,184
10,282
10,160
10,174
10,1
10,304
10,2
10,3
11,10
11,12
11,26
11,22
11,1
11,28
11,2
11,3
9,7
9,4
9,1
9,6
9,2
9,3
8,12
8,11
8,10
8,17
8,13
8,1
8,5
8,2
8,3
12,2
12,1
12,3
20,2
20,1
20,3
19,2
19,1
19,3
18,1
18,3
14,1
14,3
13,1
13,3
2,2
2,1
2,3
3006,3
3006,2
3006,1
3006,0
0,0
3015,34
3015,33
3015,32
3015,31
3015,30
3015,29
3015,28
3015,27
3015,26
3015,25
3015,24
3015,23
3015,22
3015,21
3015,20
3015,19
3015,18
3015,17
3015,16
3015,15
3015,14
3015,13
3015,12
3015,11
3015,10
3015,9
3015,8
3015,7
3015,6
3015,5
3015,4
3015,3
3015,2
3015,0
0,276
0,275
0,272
0,271
